     0
     0
 21250
 41425
 27285
 27236
 95480
121164
 71053
 57617
115892
120730
 80362
 83737
100101
 85892
100101
 83737
 80362
120730
115892
 57617
 92303
162589
122765
 54472
122765
162589
 92303
 57617
115892
120730
 80362
 83737
100101
 85892
100101
 83737
 80362
120730
115892
 57617
 92303
162589
122765
 54472
122765
162589
 92303
 57617
115892
120730
 80362
 83737
100101
 85892
100101
 83737
 80362
120730
115892
 57617
 92303
162589
122765
 54472
122765
162589
 92303
 57617
115892
120730
 80362
 83737
100101
 85892
100101
 83737
 80362
120730
115892
 57617
 92303
162589
122765
 54472
122765
162589
 92303
 57617
115892
120730
 80362
 83737
100101
 85892
100101