18446744073701409792
18446744073693124163
          2069020564
          4320814238
18446743547942575817
18446742938527706990
     133602145519768
     297924497799295
18412795218157181161
18368632367323439680
 8626376545807417612
 2013972380050359964
 3249905476523844313
13196039344751243041
15895705907341737446
15630967993691466484
10348554872669598515
 5680064588640459678
16108696876315116656
 6150654314656742494
 9163093984472548888
 3377969889022702141
 8782515934726167357
  345820959257342325
18155752050777553014
 2463518736262600053
 6072498847020923855
 1659566355846532970
 5146057960802764151
12413661088469833903
 3377484913200605669
15248375108742102897
 6695043951858406364
15451834517113465323
14554435007800097890
16026499424237841406
 3404518484580633052
 1208980812036072313
 6003667712433539462
 1264670518188137519
 6496201514704308324
 3353341874388347540
12248079699156015587
 1967321874404326005
11293234617505619660
16134217850306570060
 5868327206352515465
 5948534196536881775
11095055884467227920
16240921774868777177
 1469511896990926938
 9306582501905429318
 7745191397126761446
 7769796853273871341
  689081687037669510
17061935746117515432
 8496189376048034978
 8288186249588105307
 5372725426961530473
15622531837307254917
 2316289123052286894
   60646755572224736
 3240319682437808789
 7042572538958264830
 6193722041177137547
 5962715479545286897
13838797780783651759
18044179675446581845
 7207662137268139855
18389579478270557017
 2885603186979080865
   69146343928700292
 6813770462777330543
17593206217414562540
 5802237580430811893
 4821852705895511326
 1086956384457483201
 1845762736764476411
17041353447292927073
 5089630303782943702
15878415133400684026
10057014787836214072
18235713004924744564
14595967407589762243
 7864455027239181060
 3224648789490744430
16687648605373307284
13389682752232164514
14012791033152478301
 7455079123538069698
10458117492254848596
 3810065859514182587
 5769706882227321114